0000320193
0000789019
0001652044
0001318605
0001067983
0000006201
0000200406
0000012927
0000021344
0000073309
0000051143
0000066740
0000078003
0000080424
0000093410
0000108772
0000121641
0000130143
0000146356
0000164872
0000178156
0000205497
0000215457
0000232332
0000277135
0000318154
0000354950
0000360763
0000385161
0000393610
0000400470
0000427362
0000453763
0000485139
0000490562
0000508807
0000527866
0000536118
0000568821
0000586537
0000601547
0000624412
0000630319
0000640071
0000653616
0000664470
0000671646
0000682040
0000693293
0000700125